23.003
23.007
23.041
23.203
23.216
23.247
23.287
23.304
23.316
23.401
23.501
23.502
24.229
24.501
25.413
25.921
26.247
28.405
29.244
29.281
29.501
29.510
29.531
29.571
32.422
33.116
33.117
33.203
33.216
33.226
33.250
33.310
33.326
33.401
33.501
33.511
33.512
33.513
33.514
33.515
33.516
33.517
33.518
33.519
33.520
33.521
33.522
33.818
33.821
33.916
33.926
33.969
36.300
36.304
36.306
36.314
36.331
36.401
36.413
36.423
37.320
37.340
38.104
38.300
38.304
38.314
38.322
38.323
38.331
38.401
38.410
38.411
38.412
38.413
38.414
38.415
38.423
38.455
